20
112 73
1 5 3 64100
110 53
7 7 1 64417
137 49
48 17 461 137
232959116 56689
4 9 1 999903057
82 81
58 56 739 82
1000000000 100000
999999999 1 999999999 1000000000
73 26
5 8 4 54214
164 96
76 2 193 164
218492221 46085
3 7 1 999969453
131 74
1 9 10 78736
98 59
6 30 524 98
840698758 13331
8 7 10 999955808
714311129 39521
9 5 9 999998192
497151700 96511
9 7 6 999919625
186 75
68 16 539 186
66 39
35 2 589 66
177 73
7 7 5 56401
1000000000 100000
1 1 1 1000000000
1000000000 1
12 7 74 12
254 99
1 8 9 74990
