30
3
3 4
4 10
6 10
9
3
3 4
4 10
7 10
9
2
6 6
10 3
13
2
6 6
10 3
14
95
93237 1000000
103492 830132
109370 877640
128205 979106
132299 915526
141317 884096
144330 895667
150820 929373
154425 860699
164293 542628
166007 860019
166322 683458
166801 948855
171335 620611
183258 565957
184408 625170
275551 91140
275553 91139
275555 91138
275557 91137
275559 91136
275561 91135
275563 91134
275565 91133
275567 91132
275569 91131
275571 91130
275573 91129
275575 91128
275577 91127
275579 91126
366692 91138
457831 91139
468255 756698
480956 612848
489139 789964
489496 722733
498904 576721
509336 986350
516099 661242
524287 662257
526997 786376
528994 952686
534795 702252
537721 907096
537885 833300
539020 931665
548937 831183
640015 91075
640017 91074
640019 91073
640021 91072
640023 91071
640025 91070
640027 91069
640029 91068
640031 91067
640033 91066
640035 91065
640037 91064
640039 91063
640041 91062
640043 91061
731096 91069
822165 91069
827707 763072
829141 848747
832614 650490
838704 539237
847429 913367
848723 881933
862428 985350
866009 678344
868764 624490
878404 642536
884888 592068
889730 540364
899751 656988
903080 564977
905080 913569
913206 91038
913208 91037
913210 91036
913212 91035
913214 91034
913216 91033
913218 91032
913220 91031
913222 91030
913224 91029
913226 91028
913228 91027
913230 91026
913232 91025
913234 91024
1004258
7
10 10
15 5
20 9
25 5
30 10
35 5
40 10
45
95
671530 1000000
688197 519040
902301 926517
903269 866939
945094 627472
945413 555178
1033570 766678
1270243 941977
1868944 598698
1868946 598697
1868948 598696
1868950 598695
1868952 598694
1868954 598693
1868956 598692
2467646 598694
3066340 598694
3184564 973315
3323148 996066
3365611 796929
3544931 674947
3612693 689867
3630534 515801
3656810 725307
3665022 598679
3665024 598678
3665026 598677
3665028 598676
3665030 598675
3665032 598674
3665034 598673
4263706 598674
4862380 598674
4889456 665619
4944750 608204
5116987 622109
5265173 585973
5289654 789716
5393170 704659
5406727 844832
5461042 598659
5461044 598658
5461046 598657
5461048 598656
5461050 598655
5461052 598654
5461054 598653
6059704 598656
6658360 598656
6696255 950485
6749863 612447
6818948 876640
6830676 748813
6941656 500642
7180464 996085
7245853 829765
7257004 598641
7257006 598640
7257008 598639
7257010 598638
7257012 598637
7257014 598636
7257016 598635
7855650 598636
8454286 598636
8464094 592101
8837404 929902
8855461 672288
8863484 943009
8868552 514089
8950955 627290
8979965 604632
9052910 598621
9052912 598620
9052914 598619
9052916 598618
9052918 598617
9052920 598616
9052922 598615
9651536 598616
10250152 598616
10265652 990283
10323642 772915
10340181 880653
10377785 896434
10479996 882611
10642737 875926
10741627 585903
11233090 491460
11233092 491459
11233094 491458
11233096 491457
11233098 491456
11233100 491455
11233102 491454
11724556
2
10 10
11 10
20
2
10 10
11 10
21
3
5 5
7 5
9 5
21
7
10 10
15 5
20 9
25 5
30 10
35 5
40 10
49
99
916916 1000000
1833828 916909
1833830 916908
1833832 916907
2750739 916907
3667646 916907
4584549 916900
4584551 916899
4584553 916898
5501449 916900
6418349 916900
7335245 916893
7335247 916892
7335249 916891
8252140 916891
9169031 916891
10085918 916884
10085920 916883
10085922 916882
11002802 916884
11919686 916884
12836566 916877
12836568 916876
12836570 916875
13753444 916876
14670320 916876
15587192 916869
15587194 916868
15587196 916867
16504063 916867
17420930 916867
18337793 916860
18337795 916859
18337797 916858
19254653 916860
20171513 916860
21088369 916853
21088371 916852
21088373 916851
22005222 916853
22922075 916853
23838924 916846
23838926 916845
23838928 916844
24755772 916844
25672616 916844
26589456 916837
26589458 916836
26589460 916835
27506294 916836
28423130 916836
29339962 916829
29339964 916828
29339966 916827
30256792 916828
31173620 916828
32090444 916821
32090446 916820
32090448 916819
33007265 916821
33924086 916821
34840903 916814
34840905 916813
34840907 916812
35757718 916813
36674531 916813
37591340 916806
37591342 916805
37591344 916804
38508147 916805
39424952 916805
40341753 916798
40341755 916797
40341757 916796
41258552 916797
42175349 916797
43092142 916790
43092144 916789
43092146 916788
44008934 916788
44925722 916788
45842506 916781
45842508 916780
45842510 916779
46759288 916780
47676068 916780
48592844 916773
48592846 916772
48592848 916771
49509618 916772
50426390 916772
51343158 916765
51343160 916764
51343162 916763
52259923 916765
53176688 916765
54093449 916758
54093451 916757
54093453 916756
55010209
99
688348 1000000
690438 774127
760707 939924
828994 723350
939033 801097
1192733 893225
1212894 668548
1231114 706137
1280675 896497
1375346 613883
1989213 613864
1989215 613863
1989217 613862
1989219 613861
1989221 613860
1989223 613859
1989225 613858
1989227 613857
1989229 613856
2603079 613862
3216941 613862
3218347 786970
3238824 881297
3278803 978873
3336312 938532
3479360 568840
3489579 551648
3615771 726754
3792291 885679
3795222 621288
3830787 613843
3830789 613842
3830791 613841
3830793 613840
3830795 613839
3830797 613838
3830799 613837
3830801 613836
3830803 613835
4444638 613835
5058473 613835
5079885 885887
5164272 808314
5204967 882631
5298572 784463
5340364 932158
5342863 681658
5570962 951057
5574089 895253
5645411 782666
5672292 613816
5672294 613815
5672296 613814
5672298 613813
5672300 613812
5672302 613811
5672304 613810
5672306 613809
5672308 613808
6286116 613808
6899924 613808
7134852 608669
7166445 672686
7250000 647878
7272144 668653
7359000 615894
7413100 935511
7447258 632159
7463583 785040
7506962 740804
8113984 607019
8113986 607018
8113988 607017
8113990 607016
8113992 607015
8113994 607014
8113996 607013
8113998 607012
8114000 607011
8721009 607013
9328022 607013
9346914 860148
9353233 997400
9378583 852186
9572512 547102
9578135 783359
9603738 868546
9830486 996678
9835279 811546
9881492 680346
10434946 553451
10434948 553450
10434950 553449
10434952 553448
10434954 553447
10434956 553446
10434958 553445
10434960 553444
10434962 553443
10988405
99
10 34
12 14
13 26
15 62
16 47
17 40
18 59
19 83
20 33
30 10
40 10
41 36
42 24
45 16
46 56
47 22
48 26
49 41
50 69
60 10
70 10
72 18
73 98
74 87
76 19
77 53
78 27
79 56
80 28
90 10
100 10
101 90
102 35
103 23
104 15
105 35
106 86
107 83
108 79
116 8
124 8
125 85
126 37
127 91
128 66
129 40
130 18
131 71
132 12
140 8
148 8
149 51
150 64
151 69
152 28
153 29
154 75
155 97
156 34
164 8
172 8
173 12
174 35
175 54
176 63
177 72
178 90
179 83
180 17
188 8
196 8
197 42
198 39
199 64
200 92
201 56
202 53
203 64
204 80
212 8
220 8
221 80
222 15
223 30
224 65
225 86
226 32
227 67
228 63
236 7
244 8
245 77
246 30
247 72
248 33
249 16
250 71
251 98
252 80
260
99
226893 1000000
453782 226886
453784 226885
453786 226884
680670 226884
907554 226884
1134434 226877
1134436 226876
1134438 226875
1361313 226875
1588188 226875
1815059 226868
1815061 226867
1815063 226866
2041928 226867
2268795 226867
2495658 226860
2495660 226859
2495662 226858
2722519 226859
2949378 226859
3176233 226852
3176235 226851
3176237 226850
3403087 226850
3629937 226850
3856783 226843
3856785 226842
3856787 226841
4083627 226842
4310469 226842
4537307 226835
4537309 226834
4537311 226833
4764142 226835
4990977 226835
5217808 226828
5217810 226827
5217812 226826
5444638 226826
5671464 226826
5898286 226819
5898288 226818
5898290 226817
6125107 226817
6351924 226817
6578737 226810
6578739 226809
6578741 226808
6805549 226808
7032357 226808
7259161 226801
7259163 226800
7259165 226799
7485963 226800
7712763 226800
7939559 226793
7939561 226792
7939563 226791
8166354 226791
8393145 226791
8619932 226784
8619934 226783
8619936 226782
8846716 226784
9073500 226784
9300280 226777
9300282 226776
9300284 226775
9527057 226777
9753834 226777
9980607 226770
9980609 226769
9980611 226768
10207379 226768
10434147 226768
10660911 226761
10660913 226760
10660915 226759
10887674 226758
11114433 226759
11341188 226752
11341190 226751
11341192 226750
11567941 226751
11794692 226751
12021439 226744
12021441 226743
12021443 226742
12248185 226742
12474927 226742
12701665 226735
12701667 226734
12701669 226733
12928402 226733
13155135 226733
13381864 226726
13381866 226725
13381868 226724
13608592
4
5 5
8 3
9 4
11 3
14
99
10 63
11 20
13 68
15 85
16 14
17 20
18 83
19 56
20 56
30 10
40 10
41 45
42 95
43 62
44 53
45 11
46 16
48 26
49 47
50 10
60 10
61 29
62 41
63 58
65 66
66 89
68 36
69 63
70 98
80 10
90 10
91 77
92 18
93 38
96 35
97 81
98 84
99 17
100 78
110 10
120 10
122 63
124 51
125 82
126 64
127 81
128 53
129 53
130 78
140 10
150 10
151 92
152 97
153 18
154 90
156 42
158 76
159 59
160 27
170 10
180 10
181 92
182 66
183 56
184 61
186 45
187 73
188 46
190 92
200 10
210 10
211 57
212 51
213 98
214 32
216 30
217 52
218 77
219 25
228 9
237 9
239 28
240 44
241 92
242 99
243 31
244 33
245 67
246 80
255 9
264 9
265 58
266 36
267 78
268 11
269 100
270 25
272 43
273 70
282
99
223074 1000000
446054 222977
446056 222976
446058 222975
446060 222974
446062 222973
446064 222972
446066 222971
446068 222970
446070 222969
446072 222968
446074 222967
446076 222966
446078 222965
446080 222964
446082 222963
446084 222962
446086 222961
446088 222960
446090 222959
446092 222958
446094 222957
446096 222956
446098 222955
446100 222954
446102 222953
446104 222952
446106 222951
446108 222950
446110 222949
446112 222948
446114 222947
446116 222946
446118 222945
446120 222944
446122 222943
446124 222942
446126 222941
446128 222940
446130 222939
446132 222938
446134 222937
446136 222936
446138 222935
446140 222934
446142 222933
446144 222932
446146 222931
446148 222930
669032 222975
892008 222976
1114890 222879
1114892 222878
1114894 222877
1114896 222876
1114898 222875
1114900 222874
1114902 222873
1114904 222872
1114906 222871
1114908 222870
1114910 222869
1114912 222868
1114914 222867
1114916 222866
1114918 222865
1114920 222864
1114922 222863
1114924 222862
1114926 222861
1114928 222860
1114930 222859
1114932 222858
1114934 222857
1114936 222856
1114938 222855
1114940 222854
1114942 222853
1114944 222852
1114946 222851
1114948 222850
1114950 222849
1114952 222848
1114954 222847
1114956 222846
1114958 222845
1114960 222844
1114962 222843
1114964 222842
1114966 222841
1114968 222840
1114970 222839
1114972 222838
1114974 222837
1114976 222836
1114978 222835
1114980 222834
1114982 222833
1114984 222832
1337816
99
400749 1000000
801404 400652
801406 400651
801408 400650
801410 400649
801412 400648
801414 400647
801416 400646
801418 400645
801420 400644
801422 400643
801424 400642
801426 400641
801428 400640
801430 400639
801432 400638
801434 400637
801436 400636
801438 400635
801440 400634
801442 400633
801444 400632
801446 400631
801448 400630
801450 400629
801452 400628
801454 400627
801456 400626
801458 400625
801460 400624
801462 400623
801464 400622
801466 400621
801468 400620
801470 400619
801472 400618
801474 400617
801476 400616
801478 400615
801480 400614
801482 400613
801484 400612
801486 400611
801488 400610
801490 400609
801492 400608
801494 400607
801496 400606
801498 400605
1202086 400622
1602708 400622
2003236 400525
2003238 400524
2003240 400523
2003242 400522
2003244 400521
2003246 400520
2003248 400519
2003250 400518
2003252 400517
2003254 400516
2003256 400515
2003258 400514
2003260 400513
2003262 400512
2003264 400511
2003266 400510
2003268 400509
2003270 400508
2003272 400507
2003274 400506
2003276 400505
2003278 400504
2003280 400503
2003282 400502
2003284 400501
2003286 400500
2003288 400499
2003290 400498
2003292 400497
2003294 400496
2003296 400495
2003298 400494
2003300 400493
2003302 400492
2003304 400491
2003306 400490
2003308 400489
2003310 400488
2003312 400487
2003314 400486
2003316 400485
2003318 400484
2003320 400483
2003322 400482
2003324 400481
2003326 400480
2003328 400479
2003330 400478
2403808
1
10 25
25
99
576227 1000000
578127 642605
580120 555720
588604 757461
614645 656436
633959 925342
634189 933589
635259 962128
644204 940158
649048 845578
657654 511098
674367 750165
690473 579834
698746 673191
705296 918986
707159 510607
711598 862430
712324 704286
720792 918755
746681 519328
765459 971187
798884 976609
815064 633271
842478 954767
842791 854738
844140 868041
877057 612491
901364 917251
906649 842769
926693 612358
949105 538365
952423 533219
960340 565264
967893 964456
969490 690827
970718 854609
986589 627471
1009278 555898
1016309 646950
1016837 607610
1030868 746380
1035557 752003
1042999 943543
1045632 801828
1048824 654739
1058598 815246
1065038 891148
1081162 705601
1121582 601663
1142683 620706
1152358 576128
1152360 576127
1152362 576126
1152364 576125
1152366 576124
1152368 576123
1152370 576122
1152372 576121
1152374 576120
1152376 576119
1152378 576118
1152380 576117
1152382 576116
1152384 576115
1152386 576114
1152388 576113
1152390 576112
1152392 576111
1152394 576110
1152396 576109
1152398 576108
1152400 576107
1152402 576106
1152404 576105
1152406 576104
1152408 576103
1152410 576102
1152412 576101
1152414 576100
1152416 576099
1152418 576098
1152420 576097
1152422 576096
1152424 576095
1152426 576094
1152428 576093
1152430 576092
1152432 576091
1152434 576090
1152436 576089
1152438 576088
1152440 576087
1152442 576086
1152444 576085
1152446 576084
1152448 576083
1152450 576082
1152452 576081
1152454 576080
1728534
99
49842 1000000
99670 49825
99672 49824
99674 49823
99676 49822
99678 49821
99680 49820
99682 49819
99684 49818
149502 49818
199320 49818
249124 49801
249126 49800
249128 49799
249130 49798
249132 49797
249134 49796
249136 49795
249138 49794
298932 49794
348726 49794
398506 49777
398508 49776
398510 49775
398512 49774
398514 49773
398516 49772
398518 49771
398520 49770
448287 49773
498060 49773
547819 49756
547821 49755
547823 49754
547825 49753
547827 49752
547829 49751
547831 49750
547833 49749
597577 49754
647331 49754
697071 49737
697073 49736
697075 49735
697077 49734
697079 49733
697081 49732
697083 49731
697085 49730
746809 49736
796545 49736
846267 49719
846269 49718
846271 49717
846273 49716
846275 49715
846277 49714
846279 49713
846281 49712
895992 49713
945705 49713
995404 49696
995406 49695
995408 49694
995410 49693
995412 49692
995414 49691
995416 49690
995418 49689
1045103 49693
1094796 49693
1144475 49676
1144477 49675
1144479 49674
1144481 49673
1144483 49672
1144485 49671
1144487 49670
1144489 49669
1194152 49675
1243827 49675
1293488 49658
1293490 49657
1293492 49656
1293494 49655
1293496 49654
1293498 49653
1293500 49652
1293502 49651
1343146 49658
1392804 49658
1442448 49641
1442450 49640
1442452 49639
1442454 49638
1442456 49637
1442458 49636
1442460 49635
1442462 49634
1492096
99
644415 1000000
1288796 644378
1288798 644377
1288800 644376
1288802 644375
1288804 644374
1288806 644373
1288808 644372
1288810 644371
1288812 644370
1288814 644369
1288816 644368
1288818 644367
1288820 644366
1288822 644365
1288824 644364
1288826 644363
1288828 644362
1288830 644361
1933191 644360
2577552 644361
3221879 644324
3221881 644323
3221883 644322
3221885 644321
3221887 644320
3221889 644319
3221891 644318
3221893 644317
3221895 644316
3221897 644315
3221899 644314
3221901 644313
3221903 644312
3221905 644311
3221907 644310
3221909 644309
3221911 644308
3221913 644307
3866220 644307
4510527 644307
5154800 644270
5154802 644269
5154804 644268
5154806 644267
5154808 644266
5154810 644265
5154812 644264
5154814 644263
5154816 644262
5154818 644261
5154820 644260
5154822 644259
5154824 644258
5154826 644257
5154828 644256
5154830 644255
5154832 644254
5154834 644253
5799082 644258
6443340 644258
7087564 644221
7087566 644220
7087568 644219
7087570 644218
7087572 644217
7087574 644216
7087576 644215
7087578 644214
7087580 644213
7087582 644212
7087584 644211
7087586 644210
7087588 644209
7087590 644208
7087592 644207
7087594 644206
7087596 644205
7087598 644204
7731796 644210
8376006 644210
9020182 644173
9020184 644172
9020186 644171
9020188 644170
9020190 644169
9020192 644168
9020194 644167
9020196 644166
9020198 644165
9020200 644164
9020202 644163
9020204 644162
9020206 644161
9020208 644160
9020210 644159
9020212 644158
9020214 644157
9020216 644156
9664372
99
99482 1000000
198950 99465
198952 99464
198954 99463
198956 99462
198958 99461
198960 99460
198962 99459
198964 99458
298420 99460
397880 99460
497326 99443
497328 99442
497330 99441
497332 99440
497334 99439
497336 99438
497338 99437
497340 99436
596776 99435
696212 99436
795634 99419
795636 99418
795638 99417
795640 99416
795642 99415
795644 99414
795646 99413
795648 99412
895057 99415
994472 99415
1093873 99398
1093875 99397
1093877 99396
1093879 99395
1093881 99394
1093883 99393
1093885 99392
1093887 99391
1193277 99392
1292669 99392
1392047 99375
1392049 99374
1392051 99373
1392053 99372
1392055 99371
1392057 99370
1392059 99369
1392061 99368
1491427 99370
1590797 99370
1690153 99353
1690155 99352
1690157 99351
1690159 99350
1690161 99349
1690163 99348
1690165 99347
1690167 99346
1789507 99352
1888859 99352
1988197 99335
1988199 99334
1988201 99333
1988203 99332
1988205 99331
1988207 99330
1988209 99329
1988211 99328
2087533 99334
2186867 99334
2286187 99317
2286189 99316
2286191 99315
2286193 99314
2286195 99313
2286197 99312
2286199 99311
2286201 99310
2385504 99317
2484821 99317
2584124 99300
2584126 99299
2584128 99298
2584130 99297
2584132 99296
2584134 99295
2584136 99294
2584138 99293
2683431 99293
2782724 99293
2882003 99276
2882005 99275
2882007 99274
2882009 99273
2882011 99272
2882013 99271
2882015 99270
2882017 99269
2981286
99
106933 1000000
108227 929069
114041 722921
117310 970199
123852 824564
126150 759545
127593 843715
131727 955906
134300 547601
143986 831116
146384 772849
151854 603484
159166 881114
160013 666880
163238 773937
163784 849919
164439 616635
172960 558598
175140 915056
175926 925525
181013 622807
184668 901012
194076 983484
211352 971498
213777 510965
320575 106795
320577 106794
320579 106793
320581 106792
320583 106791
320585 106790
320587 106789
320589 106788
320591 106787
320593 106786
320595 106785
320597 106784
320599 106783
320601 106782
320603 106781
320605 106780
320607 106779
320609 106778
320611 106777
320613 106776
320615 106775
320617 106774
320619 106773
320621 106772
427373 106792
534165 106792
534198 894804
536901 794452
537500 731770
541111 633739
545556 922041
546725 735077
552291 925744
555546 553838
565416 654505
575591 790621
577799 718931
581488 517895
582153 521555
586509 893384
588440 574003
596568 809029
596708 638182
600529 861305
605690 964783
612050 513249
618585 579485
624171 531460
631770 708321
638875 868930
743539 104661
743541 104660
743543 104659
743545 104658
743547 104657
743549 104656
743551 104655
743553 104654
743555 104653
743557 104652
743559 104651
743561 104650
743563 104649
743565 104648
743567 104647
743569 104646
743571 104645
743573 104644
743575 104643
743577 104642
743579 104641
743581 104640
743583 104639
743585 104638
848223
99
937021 1000000
1204932 876682
1237334 529805
1258428 931670
1443541 787143
1950055 506511
1950057 506510
1950059 506509
1950061 506508
2456567 506510
2963077 506510
3275659 962590
3325114 618617
3400840 517313
3463174 770849
3469581 506501
3469583 506500
3469585 506499
3469587 506498
3976082 506501
4482583 506501
4651817 786355
4833433 937299
4936162 654725
4937598 999701
5392607 455006
5392609 455005
5392611 455004
5392613 455003
5847614 455005
6302619 455005
6412634 843208
6457158 748813
6575152 786103
6691331 788660
6757618 454996
6757620 454995
6757622 454994
6757624 454993
7212615 454995
7667610 454995
7731716 709291
7740718 602643
7972162 746140
8002683 635810
8122599 454986
8122601 454985
8122603 454984
8122605 454983
8577588 454983
9032571 454983
9106441 950929
9175000 563462
9197283 789552
9347947 833110
9663317 315367
9663319 315366
9663321 315365
9663323 315364
9978684 315367
10294051 315367
10423760 834611
10442799 511748
10560565 727731
10562284 980091
10830511 268224
10830513 268223
10830515 268222
10830517 268221
11098735 268224
11366959 268224
11367324 680811
11432627 638648
11457835 862465
11557704 510774
11748443 190736
11748445 190735
11748447 190734
11748449 190733
11939181 190734
12129915 190734
12158001 778142
12203748 858277
12205914 582337
12316399 759370
12320643 190725
12320645 190724
12320647 190723
12320649 190722
12511369 190724
12702093 190724
12831715 563090
12852856 971929
12854882 808738
12868740 814245
13035381 166638
13035383 166637
13035385 166636
13035387 166635
13202022
23
10 24
11 94
12 72
13 43
14 18
15 95
16 91
17 19
18 52
19 94
20 47
30 10
40 10
41 39
42 63
43 45
44 89
45 37
46 43
47 39
48 72
49 17
50 19
60
2
10 1000
100 10
110
5
100 100
105 5
110 5
112 2
114 2
120
1
200000000 300000000
400000000
