30
3
3 4
4 10
6 10
9
3
3 4
4 10
7 10
9
2
6 6
10 3
13
2
6 6
10 3
14
1
10 25
25
99
309901 1000000
315636 564957
328384 959722
338905 587158
340884 739415
351584 813364
352003 930534
352939 835953
356315 601466
356870 628757
358057 948055
367071 510078
369882 777820
412783 941767
417916 956224
419020 855772
419946 975760
427210 806489
430700 777671
434194 896084
453158 611757
454211 778968
459967 968624
466293 934457
470402 925418
490707 913931
497209 731576
497882 560504
504600 501181
511074 803934
514909 809362
517697 621072
521691 597256
526479 960808
530936 822455
536218 979559
547025 677618
549158 808970
552527 638885
570328 956547
576277 633972
580382 931146
591311 589929
594569 662570
596589 896598
600040 926425
601078 620476
609616 828163
611158 534016
611944 926857
913891 301944
913893 301943
913895 301942
913897 301941
913899 301940
913901 301939
913903 301938
913905 301937
913907 301936
913909 301935
913911 301934
913913 301933
913915 301932
913917 301931
913919 301930
913921 301929
913923 301928
913925 301927
913927 301926
913929 301925
913931 301924
913933 301923
913935 301922
913937 301921
913939 301920
913941 301919
913943 301918
913945 301917
913947 301916
913949 301915
913951 301914
913953 301913
913955 301912
913957 301911
913959 301910
913961 301909
913963 301908
913965 301907
913967 301906
913969 301905
913971 301904
913973 301903
913975 301902
913977 301901
913979 301900
913981 301899
913983 301898
913985 301897
913987 301896
1215883
99
555224 1000000
1110354 555127
1110356 555126
1110358 555125
1110360 555124
1110362 555123
1110364 555122
1110366 555121
1110368 555120
1110370 555119
1110372 555118
1110374 555117
1110376 555116
1110378 555115
1110380 555114
1110382 555113
1110384 555112
1110386 555111
1110388 555110
1110390 555109
1110392 555108
1110394 555107
1110396 555106
1110398 555105
1110400 555104
1110402 555103
1110404 555102
1110406 555101
1110408 555100
1110410 555099
1110412 555098
1110414 555097
1110416 555096
1110418 555095
1110420 555094
1110422 555093
1110424 555092
1110426 555091
1110428 555090
1110430 555089
1110432 555088
1110434 555087
1110436 555086
1110438 555085
1110440 555084
1110442 555083
1110444 555082
1110446 555081
1110448 555080
1665527 555080
2220608 555081
2775595 554984
2775597 554983
2775599 554982
2775601 554981
2775603 554980
2775605 554979
2775607 554978
2775609 554977
2775611 554976
2775613 554975
2775615 554974
2775617 554973
2775619 554972
2775621 554971
2775623 554970
2775625 554969
2775627 554968
2775629 554967
2775631 554966
2775633 554965
2775635 554964
2775637 554963
2775639 554962
2775641 554961
2775643 554960
2775645 554959
2775647 554958
2775649 554957
2775651 554956
2775653 554955
2775655 554954
2775657 554953
2775659 554952
2775661 554951
2775663 554950
2775665 554949
2775667 554948
2775669 554947
2775671 554946
2775673 554945
2775675 554944
2775677 554943
2775679 554942
2775681 554941
2775683 554940
2775685 554939
2775687 554938
2775689 554937
3330626
5
100 100
105 5
110 5
112 2
114 2
120
99
365885 1000000
731766 365878
731768 365877
731770 365876
1097646 365876
1463522 365876
1829394 365869
1829396 365868
1829398 365867
2195263 365869
2561132 365869
2926997 365862
2926999 365861
2927001 365860
3292859 365862
3658721 365862
4024579 365855
4024581 365854
4024583 365853
4390434 365855
4756289 365855
5122140 365848
5122142 365847
5122144 365846
5487990 365846
5853836 365846
6219678 365839
6219680 365838
6219682 365837
6585518 365838
6951356 365838
7317190 365831
7317192 365830
7317194 365829
7683023 365829
8048852 365829
8414677 365822
8414679 365821
8414681 365820
8780499 365822
9146321 365822
9512139 365815
9512141 365814
9512143 365813
9877954 365815
10243769 365815
10609580 365808
10609582 365807
10609584 365806
10975389 365807
11341196 365807
11706999 365800
11707001 365799
11707003 365798
12072799 365800
12438599 365800
12804395 365793
12804397 365792
12804399 365791
13170189 365792
13535981 365792
13901769 365785
13901771 365784
13901773 365783
14267556 365783
14633339 365783
14999118 365776
14999120 365775
14999122 365774
15364895 365775
15730670 365775
16096441 365768
16096443 365767
16096445 365766
16462211 365765
16827977 365766
17193739 365759
17193741 365758
17193743 365757
17559500 365757
17925257 365757
18291010 365750
18291012 365749
18291014 365748
18656760 365750
19022510 365750
19388256 365743
19388258 365742
19388260 365741
19754001 365741
20119742 365741
20485479 365734
20485481 365733
20485483 365732
20851215 365732
21216947 365732
21582675 365725
21582677 365724
21582679 365723
21948402
99
10 72
11 59
12 74
14 51
15 59
16 56
18 99
19 37
20 33
30 10
40 10
42 46
43 46
44 58
46 56
47 89
48 11
49 89
50 87
60 10
70 10
71 70
73 57
74 50
75 33
76 43
78 94
79 48
80 12
90 10
100 10
101 50
102 63
104 29
105 67
106 91
107 93
108 42
109 71
118 9
127 9
128 94
129 44
130 36
131 98
132 53
134 18
135 96
136 12
145 9
154 9
155 34
156 75
157 66
159 29
160 65
161 34
162 85
163 44
172 9
181 9
182 89
183 73
184 95
185 68
186 74
187 100
189 14
190 23
199 9
208 9
209 93
211 62
212 59
213 39
214 49
215 59
216 41
217 67
226 9
235 9
236 27
237 50
238 38
240 80
241 92
242 37
243 59
244 39
253 9
262 9
263 94
264 39
265 27
266 69
267 40
268 65
270 82
271 43
280
4
5 5
8 3
9 4
11 3
14
99
10 83
11 23
12 82
13 39
14 80
16 51
17 81
18 12
19 64
20 9
30 10
31 81
32 45
33 16
35 37
36 73
37 34
39 79
40 99
50 10
60 10
61 37
64 59
65 42
66 87
67 91
68 64
69 27
70 21
80 10
90 10
92 17
93 65
94 59
95 82
96 10
97 34
98 47
100 46
110 10
120 10
121 42
122 51
124 13
125 61
126 95
127 87
129 48
130 77
140 10
150 10
151 30
152 17
153 61
154 10
155 100
157 13
159 59
160 59
170 10
180 10
181 74
182 100
184 60
185 97
186 29
188 38
189 24
190 60
200 10
210 10
211 26
212 36
213 90
215 53
216 16
218 52
219 23
220 28
230 10
240 10
242 56
243 11
244 63
245 80
246 88
247 15
248 77
250 70
260 10
270 10
272 77
273 98
274 16
275 98
276 32
277 31
278 21
280 60
290
99
624405 1000000
686019 824067
735450 586687
750845 531462
774470 910776
813932 506967
826920 726836
852967 994334
854776 667614
860864 841629
912110 897957
920301 810886
933266 529598
966248 504570
968514 952159
1022895 927519
1037213 839596
1072734 975499
1086421 798545
1136764 802024
1145729 698767
1175823 740755
1186172 578046
1213486 840366
1240875 910655
1248764 624356
1248766 624355
1248768 624354
1248770 624353
1248772 624352
1248774 624351
1248776 624350
1248778 624349
1248780 624348
1248782 624347
1248784 624346
1248786 624345
1248788 624344
1248790 624343
1248792 624342
1248794 624341
1248796 624340
1248798 624339
1248800 624338
1248802 624337
1248804 624336
1248806 624335
1248808 624334
1248810 624333
1873123 624353
2497476 624353
2510786 598582
2518331 742021
2539636 693911
2575931 806474
2633358 960269
2636200 634297
2752216 872644
2768569 719261
2809715 617812
2852312 648735
2859503 703441
2864337 957634
2866887 762919
2890718 553346
2912166 769739
2953809 873401
2971451 761671
2995208 871689
3013633 673721
3047823 928937
3052360 696513
3070443 541780
3117224 577069
3119524 783627
3121783 624304
3121785 624303
3121787 624302
3121789 624301
3121791 624300
3121793 624299
3121795 624298
3121797 624297
3121799 624296
3121801 624295
3121803 624294
3121805 624293
3121807 624292
3121809 624291
3121811 624290
3121813 624289
3121815 624288
3121817 624287
3121819 624286
3121821 624285
3121823 624284
3121825 624283
3121827 624282
3121829 624281
3746110
99
855927 1000000
1711850 855920
1711852 855919
1711854 855918
2567771 855919
3423690 855919
4279605 855912
4279607 855911
4279609 855910
5135518 855911
5991429 855911
6847336 855904
6847338 855903
6847340 855902
7703241 855903
8559144 855903
9415043 855896
9415045 855895
9415047 855894
10270940 855895
11126835 855895
11982726 855888
11982728 855887
11982730 855886
12838614 855888
13694502 855888
14550386 855881
14550388 855880
14550390 855879
15406267 855881
16262148 855881
17118025 855874
17118027 855873
17118029 855872
17973899 855874
18829773 855874
19685643 855867
19685645 855866
19685647 855865
20541512 855865
21397377 855865
22253238 855858
22253240 855857
22253242 855856
23109098 855856
23964954 855856
24820806 855849
24820808 855848
24820810 855847
25676655 855849
26532504 855849
27388349 855842
27388351 855841
27388353 855840
28244192 855841
29100033 855841
29955870 855834
29955872 855833
29955874 855832
30811705 855833
31667538 855833
32523367 855826
32523369 855825
32523371 855824
33379194 855825
34235019 855825
35090840 855818
35090842 855817
35090844 855816
35946660 855816
36802476 855816
37658288 855809
37658290 855808
37658292 855807
38514099 855807
39369906 855807
40225709 855800
40225711 855799
40225713 855798
41081509 855800
41937309 855800
42793105 855793
42793107 855792
42793109 855791
43648900 855791
44504691 855791
45360478 855784
45360480 855783
45360482 855782
46216262 855784
47072046 855784
47927826 855777
47927828 855776
47927830 855775
48783604 855776
49639380 855776
50495152 855769
50495154 855768
50495156 855767
51350923
1
200000000 300000000
400000000
95
704604 1000000
727122 609180
756064 800684
784535 938594
948416 856441
1088246 918646
1330397 858702
1377638 691287
2050660 673019
2050662 673018
2050664 673017
2050666 673016
2050668 673015
2050670 673014
2050672 673013
2723683 673015
3396698 673015
3407731 769348
3429933 594833
3474383 882087
3722838 512018
3820875 838099
4000453 539927
4016520 543805
4560313 543790
4560315 543789
4560317 543788
4560319 543787
4560321 543786
4560323 543785
4560325 543784
5104107 543786
5647893 543786
5764950 812919
5826747 824370
5888243 718179
5922686 794682
5968612 540032
6121575 596257
6180055 939433
6191667 543771
6191669 543770
6191671 543769
6191673 543768
6191675 543767
6191677 543766
6191679 543765
6735444 543765
7279209 543765
7365555 753239
7544610 809937
7581517 671337
7584137 718780
7619132 915514
7647612 550483
7669484 522141
8059747 390260
8059749 390259
8059751 390258
8059753 390257
8059755 390256
8059757 390255
8059759 390254
8450009 390258
8840267 390258
8860309 982207
8928886 592941
9075743 561864
9136208 935183
9184255 627483
9216459 808744
9220917 644100
9230513 390243
9230515 390242
9230517 390241
9230519 390240
9230521 390239
9230523 390238
9230525 390237
9620760 390239
10010999 390239
10101203 538612
10169472 859406
10187239 915235
10222678 627868
10375443 862246
10393985 972213
10395412 901415
10779813 384398
10779815 384397
10779817 384396
10779819 384395
10779821 384394
10779823 384393
10779825 384392
11164217
2
10 10
11 10
20
3
5 5
7 5
9 5
21
99
909676 1000000
1123933 646277
1544638 835427
1591723 784341
1740061 781401
2521456 781392
2521458 781391
2521460 781390
2521462 781389
3302849 781391
4084240 781391
4163655 557667
4222401 515156
4305231 533859
4522550 758899
4865625 781382
4865627 781381
4865629 781380
4865631 781379
5647010 781379
6428389 781379
6546560 586867
6605079 833251
6802260 608744
7022849 760970
7617303 594451
7617305 594450
7617307 594449
7617309 594448
8211754 594451
8806205 594451
8819880 762985
8904997 865732
9366968 982416
9386586 987631
9966961 580372
9966963 580371
9966965 580370
9966967 580369
10547334 580371
11127705 580371
11147826 796316
11312742 923343
11633416 735650
11686001 807709
11708070 580362
11708072 580361
11708074 580360
11708076 580359
12288435 580359
12868794 580359
12887442 704327
13104933 913358
13267553 857109
13306246 935447
13743692 437443
13743694 437442
13743696 437441
13743698 437440
14181138 437440
14618578 437440
14771584 549092
14879009 526222
14909116 600824
15024033 532296
15429482 405446
15429484 405445
15429486 405444
15429488 405443
15834931 405443
16240374 405443
16276702 515941
16283710 574176
16422927 827313
16608043 867679
16975706 367660
16975708 367659
16975710 367658
16975712 367657
17343369 367657
17711026 367657
17825966 528941
17906774 670386
18047630 957241
18065936 840150
18420840 354901
18420842 354900
18420844 354899
18420846 354898
18775742 354900
19130642 354900
19192348 739720
19219564 832863
19245918 569283
19302619 753197
19485536 354891
19485538 354890
19485540 354889
19485542 354888
19840430
7
10 10
15 5
20 9
25 5
30 10
35 5
40 10
49
99
505386 1000000
1010758 505369
1010760 505368
1010762 505367
1010764 505366
1010766 505365
1010768 505364
1010770 505363
1010772 505362
1516131 505365
2021496 505365
2526847 505348
2526849 505347
2526851 505346
2526853 505345
2526855 505344
2526857 505343
2526859 505342
2526861 505341
3032198 505345
3537543 505345
4042874 505328
4042876 505327
4042878 505326
4042880 505325
4042882 505324
4042884 505323
4042886 505322
4042888 505321
4548206 505324
5053530 505324
5558840 505307
5558842 505306
5558844 505305
5558846 505304
5558848 505303
5558850 505302
5558852 505301
5558854 505300
6064149 505305
6569454 505305
7074745 505288
7074747 505287
7074749 505286
7074751 505285
7074753 505284
7074755 505283
7074757 505282
7074759 505281
7580038 505283
8085321 505283
8590590 505266
8590592 505265
8590594 505264
8590596 505263
8590598 505262
8590600 505261
8590602 505260
8590604 505259
9095861 505260
9601122 505261
10106369 505244
10106371 505243
10106373 505242
10106375 505241
10106377 505240
10106379 505239
10106381 505238
10106383 505237
10611615 505242
11116857 505242
11622085 505225
11622087 505224
11622089 505223
11622091 505222
11622093 505221
11622095 505220
11622097 505219
11622099 505218
12127317 505218
12632535 505218
13137739 505201
13137741 505200
13137743 505199
13137745 505198
13137747 505197
13137749 505196
13137751 505195
13137753 505194
13642940 505201
14148141 505201
14653328 505184
14653330 505183
14653332 505182
14653334 505181
14653336 505180
14653338 505179
14653340 505178
14653342 505177
15158519
7
10 10
15 5
20 9
25 5
30 10
35 5
40 10
45
2
10 1000
100 10
110
99
410484 1000000
820934 410447
820936 410446
820938 410445
820940 410444
820942 410443
820944 410442
820946 410441
820948 410440
820950 410439
820952 410438
820954 410437
820956 410436
820958 410435
820960 410434
820962 410433
820964 410432
820966 410431
820968 410430
1231383 410445
1641828 410445
2052239 410408
2052241 410407
2052243 410406
2052245 410405
2052247 410404
2052249 410403
2052251 410402
2052253 410401
2052255 410400
2052257 410399
2052259 410398
2052261 410397
2052263 410396
2052265 410395
2052267 410394
2052269 410393
2052271 410392
2052273 410391
2462662 410392
2873055 410393
3283414 410356
3283416 410355
3283418 410354
3283420 410353
3283422 410352
3283424 410351
3283426 410350
3283428 410349
3283430 410348
3283432 410347
3283434 410346
3283436 410345
3283438 410344
3283440 410343
3283442 410342
3283444 410341
3283446 410340
3283448 410339
3693780 410346
4104126 410346
4514438 410309
4514440 410308
4514442 410307
4514444 410306
4514446 410305
4514448 410304
4514450 410303
4514452 410302
4514454 410301
4514456 410300
4514458 410299
4514460 410298
4514462 410297
4514464 410296
4514466 410295
4514468 410294
4514470 410293
4514472 410292
4924751 410305
5335056 410305
5745327 410268
5745329 410267
5745331 410266
5745333 410265
5745335 410264
5745337 410263
5745339 410262
5745341 410261
5745343 410260
5745345 410259
5745347 410258
5745349 410257
5745351 410256
5745353 410255
5745355 410254
5745357 410253
5745359 410252
5745361 410251
6155612
99
930425 1000000
1860836 930408
1860838 930407
1860840 930406
1860842 930405
1860844 930404
1860846 930403
1860848 930402
1860850 930401
2791246 930406
3721652 930406
4652044 930389
4652046 930388
4652048 930387
4652050 930386
4652052 930385
4652054 930384
4652056 930383
4652058 930382
5582439 930383
6512822 930383
7443191 930366
7443193 930365
7443195 930364
7443197 930363
7443199 930362
7443201 930361
7443203 930360
7443205 930359
8373564 930359
9303923 930359
10234268 930342
10234270 930341
10234272 930340
10234274 930339
10234276 930338
10234278 930337
10234280 930336
10234282 930335
11164616 930336
12094952 930336
13025274 930319
13025276 930318
13025278 930317
13025280 930316
13025282 930315
13025284 930314
13025286 930313
13025288 930312
13955595 930317
14885912 930317
15816215 930300
15816217 930299
15816219 930298
15816221 930297
15816223 930296
15816225 930295
15816227 930294
15816229 930293
16746521 930294
17676815 930294
18607095 930277
18607097 930276
18607099 930275
18607101 930274
18607103 930273
18607105 930272
18607107 930271
18607109 930270
19537375 930274
20467649 930274
21397909 930257
21397911 930256
21397913 930255
21397915 930254
21397917 930253
21397919 930252
21397921 930251
21397923 930250
22328167 930256
23258423 930256
24188665 930239
24188667 930238
24188669 930237
24188671 930236
24188673 930235
24188675 930234
24188677 930233
24188679 930232
25118908 930235
26049143 930235
26979364 930218
26979366 930217
26979368 930216
26979370 930215
26979372 930214
26979374 930213
26979376 930212
26979378 930211
27909589
23
10 36
11 73
12 90
13 22
14 65
15 84
16 77
17 49
18 61
19 79
20 98
30 10
40 10
41 92
42 41
43 95
44 31
45 78
46 17
47 46
48 95
49 54
50 18
60
99
10117 1000000
11326 900703
11427 512040
13791 942988
15879 828693
16195 991562
16277 507214
16484 766054
18148 861150
18214 721506
20218 10098
20220 10097
20222 10096
20224 10095
20226 10094
20228 10093
20230 10092
20232 10091
20234 10090
30316 10098
40414 10098
42192 892884
43273 652860
43654 969980
44367 888850
45824 930177
45954 554449
46832 708099
48124 978978
49523 772874
58616 9090
58618 9089
58620 9088
58622 9087
58624 9086
58626 9085
58628 9084
58630 9083
58632 9082
67711 9085
76796 9085
77554 525079
80142 664798
80606 615098
80622 581470
82642 873923
83289 567455
84847 786386
85098 728189
85708 663461
85865 9066
85867 9065
85869 9064
85871 9063
85873 9062
85875 9061
85877 9060
85879 9059
85881 9058
94935 9062
103997 9062
105114 607964
105593 801894
105610 601602
106044 920570
107660 768280
107918 977861
108520 698951
108701 856004
112224 590414
113043 9043
113045 9042
113047 9041
113049 9040
113051 9039
113053 9038
113055 9037
113057 9036
113059 9035
122087 9042
131129 9042
131893 568560
131958 943587
133328 739371
137421 804878
138226 693650
138707 801867
138865 794855
138979 894079
139499 617743
140155 9023
140157 9022
140159 9021
140161 9020
140163 9019
140165 9018
140167 9017
140169 9016
140171 9015
149186
95
746578 1000000
771010 942064
778850 799193
839350 776201
870520 641969
915518 506291
940748 719693
949473 716642
1077823 854914
1079122 942690
1237796 812569
1263466 594876
1303233 617893
1334743 745666
1435711 746348
1457764 827008
2168922 711155
2168924 711154
2168926 711153
2168928 711152
2168930 711151
2168932 711150
2168934 711149
2168936 711148
2168938 711147
2168940 711146
2168942 711145
2168944 711144
2168946 711143
2168948 711142
2168950 711141
2880089 711143
3591232 711143
3593604 901476
3798166 701664
3811327 892649
3829394 927187
3865511 799013
3928623 665076
3964651 520397
3965280 726641
4031529 786035
4039625 945219
4126379 965113
4167489 770329
4181115 783736
4237330 553082
4269898 516505
4770970 589852
4770972 589851
4770974 589850
4770976 589849
4770978 589848
4770980 589847
4770982 589846
4770984 589845
4770986 589844
4770988 589843
4770990 589842
4770992 589841
4770994 589840
4770996 589839
4770998 589838
5360824 589849
5950674 589850
5978687 691375
6015964 504618
6034658 945169
6048900 550607
6129566 639993
6146745 771949
6228376 939138
6267315 834980
6329943 940073
6417868 840044
6419318 748450
6462913 815197
6484824 992611
6485071 529404
6524875 561615
7086462 561584
7086464 561583
7086466 561582
7086468 561581
7086470 561580
7086472 561579
7086474 561578
7086476 561577
7086478 561576
7086480 561575
7086482 561574
7086484 561573
7086486 561572
7086488 561571
7086490 561570
7648060
99
724285 1000000
1448476 724188
1448478 724187
1448480 724186
1448482 724185
1448484 724184
1448486 724183
1448488 724182
1448490 724181
1448492 724180
1448494 724179
1448496 724178
1448498 724177
1448500 724176
1448502 724175
1448504 724174
1448506 724173
1448508 724172
1448510 724171
1448512 724170
1448514 724169
1448516 724168
1448518 724167
1448520 724166
1448522 724165
1448524 724164
1448526 724163
1448528 724162
1448530 724161
1448532 724160
1448534 724159
1448536 724158
1448538 724157
1448540 724156
1448542 724155
1448544 724154
1448546 724153
1448548 724152
1448550 724151
1448552 724150
1448554 724149
1448556 724148
1448558 724147
1448560 724146
1448562 724145
1448564 724144
1448566 724143
1448568 724142
1448570 724141
2172700 724152
2896852 724152
3620910 724055
3620912 724054
3620914 724053
3620916 724052
3620918 724051
3620920 724050
3620922 724049
3620924 724048
3620926 724047
3620928 724046
3620930 724045
3620932 724044
3620934 724043
3620936 724042
3620938 724041
3620940 724040
3620942 724039
3620944 724038
3620946 724037
3620948 724036
3620950 724035
3620952 724034
3620954 724033
3620956 724032
3620958 724031
3620960 724030
3620962 724029
3620964 724028
3620966 724027
3620968 724026
3620970 724025
3620972 724024
3620974 724023
3620976 724022
3620978 724021
3620980 724020
3620982 724019
3620984 724018
3620986 724017
3620988 724016
3620990 724015
3620992 724014
3620994 724013
3620996 724012
3620998 724011
3621000 724010
3621002 724009
3621004 724008
4345012
2
10 10
11 10
21
