20
2
0 3 0 2 10 2 3 -2
10 3 2 3 8 7 2 0
3
2 1 0 5 10 2 4 0
0 3 0 2 7 1 1 2
3 3 0 5 1 1 2 0
2
3 2 0 2 9 2 3 0
6 1 1 4 6 3 -1 -2
6
3414 2 -25 61 326 54788 -7 61
181452 8 -10 3 6717 12710 2 -498
223505 8 -62 77 280 13242 5 595
101271 3 -16 37 8692 213187 -4 -883
265384 8 -81 89 3249 13934 -5 -37
197549 4 -3 78 2761 22851 -10 560
1
70339 5 59 63 1000000 6042 5 100000
1
5195 3 55 63 1000000 1219 9 100000
10
43667 10 -17 93 754222 65404 -5 -60621
136178 10 -70 78 227897 22433 -10 11836
40559 10 -83 42 286086 42399 9 58037
5867 10 -83 30 391842 2795 2 -169
56708 10 -86 -76 779701 46123 -6 30645
127244 10 33 53 106206 31545 4 90823
143650 10 -61 81 714809 34610 3 -18392
42549 10 -46 -13 771203 42050 4 84174
2281 10 36 64 979726 53269 2 -74618
12602 10 -76 58 464263 24421 7 99305
10
6597 10 -22 12 475928 995 2 -49331
6597 10 -25 92 446115 995 -6 -34514
6597 10 -68 62 803378 995 -4 -59096
6597 10 33 65 746087 995 4 -70227
6597 10 61 98 673759 995 10 80314
6597 10 -95 73 656791 995 -9 19212
6597 10 14 81 847704 995 3 -86231
6597 10 -70 70 384108 995 -1 33038
6597 10 -52 -8 554249 995 6 -52644
6597 10 44 56 514754 995 6 26877
10
42272 10 -39 -13 285021 34149 10 61207
42272 10 -77 10 786922 34149 -7 -67312
42272 10 -85 74 79881 34149 6 81579
42272 10 -68 53 716665 34149 7 214
42272 10 -26 24 498888 34149 -8 43145
42272 10 -2 57 484133 34149 4 81099
42272 10 -97 -95 227881 34149 1 68184
42272 10 -52 -28 926981 34149 9 55472
42272 10 -85 45 142755 34149 10 36640
42272 10 -53 49 811896 34149 1 -69928
10
110615 10 -51 -14 537671 7498 0 49026
117880 10 -37 80 953017 22113 10 63908
30093 10 -61 73 879080 4469 -2 -6515
49181 10 -70 -5 848015 11487 -3 -61356
606 10 -91 -38 445559 12394 2 97651
9700 10 -58 -45 658712 4332 -10 -48205
3598 10 -93 58 296510 4788 4 -28231
71754 10 72 88 989929 6846 -1 -81673
2043 10 -43 21 333194 65646 -2 40257
39056 10 12 64 956833 3386 -6 -85985
10
21211 10 -41 5 699011 31773 1 60991
21211 10 -41 5 299124 31773 1 90640
21211 10 -41 5 756265 31773 8 -65240
21211 10 -41 5 934407 31773 -4 -46361
21211 10 -41 5 322190 31773 -8 31066
21211 10 -41 5 964539 31773 1 -97418
21211 10 -41 5 971035 31773 -4 -7336
21211 10 -41 5 734389 31773 -8 -77326
21211 10 -41 5 250414 31773 -4 51708
21211 10 -41 5 235027 31773 -2 63595
1
25078 2 -70 -49 9409 523111 -7 -992
7
1987 10 -45 76 6040 819 0 -438
86 5 83 90 336 16715 -3 996
25300 9 -99 -11 238 33045 -9 906
53796 8 11 98 2693 80722 -3 229
16410 2 -69 -42 4811 84973 5 -401
20971 3 10 59 2217 257227 5 82
51103 1 8 65 7399 4238 -8 711
6
21350 4 -75 -33 5996 21030 -9 620
110209 4 -91 -86 1168 13479 0 194
107622 5 -9 6 3774 29083 -10 -904
6471 6 -10 75 2034 15236 -4 650
156181 7 -45 14 4673 8127 4 -84
7816 5 -95 -33 9300 36431 7 -795
5
5038 6 -92 30 3517 17134 -8 860
101080 9 13 39 6154 25964 8 814
380361 1 -39 17 2940 3904 -2 -596
159543 9 -32 12 7722 20568 7 -860
29401 10 7 89 9558 17903 -3 -370
1
48205 9 -85 -33 6254 74451 -4 233
1
7418 8 -4 3 2677 23700 -5 165
6
307079 6 -6 69 3040 3032 -9 -124
1094 6 -91 -83 8346 27124 9 405
57385 2 -21 75 5908 58308 9 308
230231 2 -59 73 737 191533 -10 -505
38 6 27 67 5341 53172 9 418
468121 1 -94 43 640 6528 -2 -483
2
33854 8 -42 44 7595 19042 -4 -795
111336 8 -40 94 2726 32781 -5 702
5
7410 10 -34 92 8978 10776 4 -721
550 10 -91 -49 9975 16226 7 -872
24524 3 18 67 5812 83104 -6 182
8605 4 -94 64 4921 16273 -8 -64
193823 3 -94 -93 9337 235917 7 742
