20
2
0 3 0 2 10 2 3 -2
10 3 2 3 8 7 2 0
3
2 1 0 5 10 2 4 0
0 3 0 2 7 1 1 2
3 3 0 5 1 1 2 0
2
3 2 0 2 9 2 3 0
6 1 1 4 6 3 -1 -2
6
3414 2 -25 61 326 54788 -7 61
181452 8 -10 3 6717 12710 2 -498
223505 8 -62 77 280 13242 5 595
101271 3 -16 37 8692 213187 -4 -883
265384 8 -81 89 3249 13934 -5 -37
197549 4 -3 78 2761 22851 -10 560
2
141529 10 9 10 1000000 7050 2 100000
141529 10 1 2 438717 7050 1 -24765
10
172011 3 -51 -50 115384 116648 1 -19709
164 2 1 2 202058 22842 0 37004
17589 5 1 2 240912 7042 0 -29715
124674 2 1 2 315290 522 0 -25176
142386 2 1 2 336125 179968 0 -45676
7206 6 -58 -49 1000000 13327 10 100000
40923 9 1 2 264337 2384 0 31487
177079 2 1 2 462700 158219 0 2493
7484 8 1 2 448799 43931 0 11459
19294 6 1 2 327202 103002 0 29196
10
135882 10 -63 51 412819 6540 -1 20727
121449 10 -50 -14 884343 549 -1 66830
88680 10 -37 85 446216 33847 3 -29990
49189 10 64 88 853557 119 8 -89534
9713 10 7 43 726135 39030 -1 -38377
130230 10 -94 82 22800 12410 5 -1910
6810 10 -39 82 889461 14495 5 -27182
13203 10 -93 28 616681 20259 -1 -274
127198 10 -69 96 657405 11268 -4 57190
28850 10 -52 96 656407 21475 0 24554
10
45368 10 27 47 508453 20110 4 -54736
45368 10 -74 23 495888 20110 7 -35801
45368 10 -36 -32 307152 20110 -5 34009
45368 10 -50 -48 819582 20110 -6 -22667
45368 10 -32 -10 964463 20110 0 -43501
45368 10 -30 42 183305 20110 -2 33330
45368 10 31 86 76833 20110 -8 56390
45368 10 -38 59 41269 20110 -3 36190
45368 10 -100 13 807360 20110 -7 -17469
45368 10 -22 20 631081 20110 5 -43315
10
18522 10 -90 64 821331 5658 7 -59795
18522 10 -90 -80 936325 5658 8 -72123
18522 10 -20 17 640867 5658 2 -66028
18522 10 -24 11 545162 5658 -10 44473
18522 10 31 46 190113 5658 -4 42751
18522 10 -18 65 549746 5658 4 97417
18522 10 -50 -31 994440 5658 -6 -85282
18522 10 -27 77 453348 5658 -9 33377
18522 10 -57 48 885379 5658 -3 -3468
18522 10 -93 92 773968 5658 4 -76620
10
88965 10 -27 21 8344 6641 -7 27813
96364 10 60 66 674030 54616 3 17025
2493 10 4 45 752304 12054 7 -75772
162627 10 34 36 631956 33567 -1 -38991
15598 10 -47 65 876074 20397 -5 -91402
820 10 -75 -43 773429 44783 -7 41316
95162 10 63 91 847306 10198 -3 -64033
1410 10 -58 -8 677365 25039 10 65151
41 10 6 89 755857 56463 1 -5744
27795 10 -8 65 854845 341 -2 -17861
10
254791 10 34 56 241829 5709 2 79489
254791 10 34 56 947341 5709 -8 95450
254791 10 34 56 791996 5709 8 -55039
254791 10 34 56 869155 5709 2 -94234
254791 10 34 56 155722 5709 1 45181
254791 10 34 56 944034 5709 -8 -53786
254791 10 34 56 870195 5709 4 88590
254791 10 34 56 817526 5709 -1 -68883
254791 10 34 56 871512 5709 -2 8657
254791 10 34 56 861716 5709 -1 -74797
3
66357 10 -51 -45 6770 5669 -3 -648
378391 6 15 89 9750 21987 -4 943
86 7 -40 -15 9183 52 -2 205
9
15556 3 59 68 9787 272762 8 -796
2822 7 36 51 9126 35500 1 52
91009 1 -53 53 8488 5758 6 -155
176850 4 -37 99 8073 29494 1 -964
213394 4 -85 67 8959 115775 -7 -483
616868 7 0 17 6073 5403 -8 -612
116488 3 -29 56 2744 96084 0 98
59986 4 -16 36 8882 48976 4 -230
1781 8 -51 -23 688 1449 -7 814
3
239316 4 -74 -5 9466 80362 -7 829
24105 6 -49 64 5547 7545 -1 110
72622 9 -31 18 9964 41430 1 -972
2
4847 4 -67 -36 6760 17209 2 0
1154 5 -79 57 1214 2762 -3 617
7
83 2 -67 27 4763 301083 0 -74
14883 10 -65 -62 9091 27976 10 -693
179578 8 -3 60 2967 24633 -1 -249
129415 6 -44 82 3995 3735 10 253
23673 8 -3 10 2791 44453 4 587
71530 10 19 65 5024 17820 -8 661
4610 3 -94 -1 7728 86035 1 294
10
132375 1 -18 -3 6402 4254 -6 -101
89894 4 -69 96 4605 180706 5 398
19658 2 13 18 9850 237339 3 -117
63824 7 -15 39 3948 14658 2 263
3965 7 -80 0 4589 14028 -6 -184
102264 1 -59 -54 9801 933 -2 318
259217 2 -99 -97 1074 64409 2 994
65130 1 -93 57 773 320 4 -85
13039 7 -70 3 3753 45066 3 -371
181847 7 -40 -26 4490 12028 -6 -581
5
52053 7 -77 -71 4770 7154 -7 429
30037 5 -88 -7 5210 64382 1 -560
5706 8 48 98 8397 70282 5 -828
97970 8 -47 -12 3469 16970 -2 -318
149 2 -40 66 509 3300 -9 -285
2
16074 6 -77 21 7756 20972 0 -785
412043 1 -82 -80 2725 308 -6 -842
7
57989 1 41 86 7386 931 -9 910
404143 1 40 82 4899 3765 6 -848
1091 7 -62 89 6499 21246 0 -257
235451 2 41 51 831 33777 7 -656
270 3 -20 2 730 67834 2 -102
1057 5 -69 -24 8271 3096 -6 376
2468 2 -55 91 7506 11889 -7 -368
